deviceToken=3xGmJV5TH6j2zu3c8omZ
deviceLabel="CNAM Paris"
deviceLatitude=48.86680372260682
deviceLongitude=2.3554303282094744
