deviceToken=5uoL6NlsSZpDFnDxr1JL
deviceLabel="Le Louvre"
deviceLatitude=48.86075222635914
deviceLongitude=2.3376869213631135
