deviceToken=3PZo3Fv24CMZ4R6elfCk
deviceLabel="Tour Saint-Jacques"
deviceLatitude=48.858138914485515
deviceLongitude=2.348896476506918
